With Bg
14/14 [==============================] - 13s 38ms/step - loss: 3.3673 - accuracy: 0.0345
[3.367295742034912, 0.03448275849223137]
              precision    recall  f1-score   support

           A       0.00      0.00      0.00        15
           B       0.00      0.00      0.00        15
           C       0.00      0.00      0.00        15
           D       0.00      0.00      0.00        15
         Del       0.00      0.00      0.00        15
           E       0.03      1.00      0.07        15
           F       0.00      0.00      0.00        15
           G       0.00      0.00      0.00        15
           H       0.00      0.00      0.00        15
           I       0.00      0.00      0.00        15
           J       0.00      0.00      0.00        15
           K       0.00      0.00      0.00        15
           L       0.00      0.00      0.00        15
           M       0.00      0.00      0.00        15
           N       0.00      0.00      0.00        15
     Nothing       0.00      0.00      0.00        15
           O       0.00      0.00      0.00        15
           P       0.00      0.00      0.00        15
           Q       0.00      0.00      0.00        15
           R       0.00      0.00      0.00        15
           S       0.00      0.00      0.00        15
       Space       0.00      0.00      0.00        15
           T       0.00      0.00      0.00        15
           U       0.00      0.00      0.00        15
           W       0.00      0.00      0.00        15
           X       0.00      0.00      0.00        15
           Y       0.00      0.00      0.00        15
           Z       0.00      0.00      0.00        15

    accuracy                           0.03       435
   macro avg       0.00      0.03      0.00       435
weighted avg       0.00      0.03      0.00       435
Precision: 0.001189
Recall: 0.034483

without BG
14/14 [==============================] - 13s 37ms/step - loss: 3.3673 - accuracy: 0.0345
[3.367295742034912, 0.03448275849223137]
              precision    recall  f1-score   support

           A       0.00      0.00      0.00        15
           B       0.00      0.00      0.00        15
           C       0.00      0.00      0.00        15
           D       0.00      0.00      0.00        15
         Del       0.00      0.00      0.00        15
           E       0.03      1.00      0.07        15
           F       0.00      0.00      0.00        15
           G       0.00      0.00      0.00        15
           H       0.00      0.00      0.00        15
           I       0.00      0.00      0.00        15
           J       0.00      0.00      0.00        15
           K       0.00      0.00      0.00        15
           L       0.00      0.00      0.00        15
           M       0.00      0.00      0.00        15
           N       0.00      0.00      0.00        15
     Nothing       0.00      0.00      0.00        15
           O       0.00      0.00      0.00        15
           P       0.00      0.00      0.00        15
           Q       0.00      0.00      0.00        15
           R       0.00      0.00      0.00        15
           S       0.00      0.00      0.00        15
       Space       0.00      0.00      0.00        15
           T       0.00      0.00      0.00        15
           U       0.00      0.00      0.00        15
           W       0.00      0.00      0.00        15
           X       0.00      0.00      0.00        15
           Y       0.00      0.00      0.00        15
           Z       0.00      0.00      0.00        15

    accuracy                           0.03       435
   macro avg       0.00      0.03      0.00       435
weighted avg       0.00      0.03      0.00       435\
Precision: 0.001189
Recall: 0.034483