with BG
14/14 [==============================] - 13s 37ms/step - loss: 0.3673 - accuracy: 0.9287
[0.3672863841056824, 0.928735613822937]
              precision    recall  f1-score   support

           A       1.00      0.80      0.89        15
           B       0.88      1.00      0.94        15
           C       1.00      0.93      0.97        15
           D       0.94      1.00      0.97        15
         Del       1.00      0.93      0.97        15
           E       0.88      0.93      0.90        15
           F       1.00      1.00      1.00        15
           G       1.00      1.00      1.00        15
           H       1.00      0.93      0.97        15
           I       1.00      0.93      0.97        15
           J       0.94      1.00      0.97        15
           K       1.00      1.00      1.00        15
           L       1.00      1.00      1.00        15
           M       0.92      0.80      0.86        15
           N       0.87      0.87      0.87        15
     Nothing       0.67      0.93      0.78        15
           O       1.00      0.93      0.97        15
           P       1.00      0.93      0.97        15
           Q       1.00      0.67      0.80        15
           R       1.00      0.87      0.93        15
           S       0.82      0.93      0.87        15
       Space       0.94      1.00      0.97        15
           T       0.82      0.93      0.87        15
           U       1.00      0.93      0.97        15
           V       0.83      1.00      0.91        15
           W       0.92      0.73      0.81        15
           X       0.93      0.93      0.93        15
           Y       0.94      1.00      0.97        15
           Z       0.88      1.00      0.94        15

    accuracy                           0.93       435
   macro avg       0.94      0.93      0.93       435
weighted avg       0.94      0.93      0.93       435

Precision: 0.937121
Recall: 0.928736

withou BG
14/14 [==============================] - 13s 37ms/step - loss: 0.3199 - accuracy: 0.9471
[0.3198646008968353, 0.9471264481544495]
              precision    recall  f1-score   support

           A       0.94      1.00      0.97        15
           B       1.00      1.00      1.00        15
           C       1.00      1.00      1.00        15
           D       1.00      1.00      1.00        15
         Del       1.00      1.00      1.00        15
           E       1.00      1.00      1.00        15
           F       1.00      1.00      1.00        15
           G       1.00      1.00      1.00        15
           H       1.00      1.00      1.00        15
           I       1.00      1.00      1.00        15
           J       1.00      1.00      1.00        15
           K       0.82      0.93      0.87        15
           L       1.00      1.00      1.00        15
           M       1.00      0.87      0.93        15
           N       0.50      1.00      0.67        15
     Nothing       1.00      1.00      1.00        15
           O       1.00      0.60      0.75        15
           P       1.00      1.00      1.00        15
           Q       1.00      1.00      1.00        15
           R       0.93      0.93      0.93        15
           S       1.00      0.53      0.70        15
       Space       1.00      1.00      1.00        15
           T       0.88      0.93      0.90        15
           U       0.93      0.87      0.90        15
           V       1.00      0.80      0.89        15
           W       1.00      1.00      1.00        15
           X       1.00      1.00      1.00        15
           Y       1.00      1.00      1.00        15
           Z       1.00      1.00      1.00        15

    accuracy                           0.95       435
   macro avg       0.97      0.95      0.95       435
weighted avg       0.97      0.95      0.95       435

Precision: 0.965446
Recall: 0.947126