with BG
14/14 [==============================] - 13s 38ms/step - loss: 0.4786 - accuracy: 0.9172
[0.4786372780799866, 0.9172413945198059]
              precision    recall  f1-score   support

           A       0.93      0.93      0.93        15
           B       1.00      1.00      1.00        15
           C       1.00      0.87      0.93        15
           D       0.94      1.00      0.97        15
         Del       1.00      1.00      1.00        15
           E       0.86      0.80      0.83        15
           F       1.00      0.93      0.97        15
           G       1.00      0.93      0.97        15
           H       1.00      0.93      0.97        15
           I       0.94      1.00      0.97        15
           J       1.00      0.87      0.93        15
           K       0.88      1.00      0.94        15
           L       0.94      1.00      0.97        15
           M       0.88      0.93      0.90        15
           N       0.75      0.80      0.77        15
     Nothing       0.59      0.67      0.62        15
           O       0.94      1.00      0.97        15
           P       0.93      0.93      0.93        15
           Q       1.00      0.80      0.89        15
           R       0.93      0.87      0.90        15
           S       0.76      0.87      0.81        15
       Space       0.94      1.00      0.97        15
           T       0.81      0.87      0.84        15
           U       1.00      0.93      0.97        15
           V       1.00      0.87      0.93        15
           W       0.93      0.93      0.93        15
           X       1.00      0.87      0.93        15
           Y       0.88      1.00      0.94        15
           Z       0.94      1.00      0.97        15

    accuracy                           0.92       435
   macro avg       0.92      0.92      0.92       435
weighted avg       0.92      0.92      0.92       435

Precision: 0.922961
Recall: 0.917241

without BG
14/14 [==============================] - 13s 39ms/step - loss: 0.4147 - accuracy: 0.9448
[0.4147146940231323, 0.9448275566101074]
              precision    recall  f1-score   support

           A       0.94      1.00      0.97        15
           B       1.00      1.00      1.00        15
           C       1.00      1.00      1.00        15
           D       1.00      1.00      1.00        15
         Del       1.00      1.00      1.00        15
           E       0.94      1.00      0.97        15
           F       1.00      1.00      1.00        15
           G       1.00      1.00      1.00        15
           H       1.00      1.00      1.00        15
           I       1.00      1.00      1.00        15
           J       1.00      0.87      0.93        15
           K       0.94      1.00      0.97        15
           L       1.00      1.00      1.00        15
           M       0.82      0.93      0.87        15
           N       0.56      0.93      0.70        15
     Nothing       1.00      1.00      1.00        15
           O       1.00      0.53      0.70        15
           P       1.00      1.00      1.00        15
           Q       1.00      1.00      1.00        15
           R       0.93      0.87      0.90        15
           S       0.89      0.53      0.67        15
       Space       1.00      1.00      1.00        15
           T       0.88      0.93      0.90        15
           U       0.93      0.87      0.90        15
           V       1.00      0.93      0.97        15
           W       1.00      1.00      1.00        15
           X       1.00      1.00      1.00        15
           Y       0.88      1.00      0.94        15
           Z       1.00      1.00      1.00        15

    accuracy                           0.94       435
   macro avg       0.96      0.94      0.94       435
weighted avg       0.96      0.94      0.94       435

Precision: 0.955152
Recall: 0.944828