With BG
14/14 [==============================] - 13s 37ms/step - loss: 0.2079 - accuracy: 0.9402
[0.2078903168439865, 0.9402298927307129]
              precision    recall  f1-score   support

           A       0.88      1.00      0.94        15
           B       0.88      1.00      0.94        15
           C       0.94      1.00      0.97        15
           D       1.00      1.00      1.00        15
         Del       1.00      1.00      1.00        15
           E       1.00      1.00      1.00        15
           F       1.00      0.87      0.93        15
           G       1.00      0.93      0.97        15
           H       0.94      1.00      0.97        15
           I       1.00      1.00      1.00        15
           J       1.00      1.00      1.00        15
           K       0.82      0.93      0.87        15
           L       0.83      1.00      0.91        15
           M       0.88      1.00      0.94        15
           N       0.92      0.80      0.86        15
     Nothing       0.70      0.93      0.80        15
           O       1.00      1.00      1.00        15
           P       1.00      0.93      0.97        15
           Q       1.00      0.87      0.93        15
           R       1.00      0.93      0.97        15
           S       1.00      0.93      0.97        15
       Space       1.00      1.00      1.00        15
           T       0.92      0.80      0.86        15
           U       1.00      0.80      0.89        15
           V       0.82      0.93      0.87        15
           W       1.00      0.87      0.93        15
           X       1.00      0.93      0.97        15
           Y       1.00      0.80      0.89        15
           Z       0.94      1.00      0.97        15

    accuracy                           0.94       435
   macro avg       0.95      0.94      0.94       435
weighted avg       0.95      0.94      0.94       435

Precision: 0.947797
Recall: 0.940230

Without BG
14/14 [==============================] - 12s 37ms/step - loss: 0.1017 - accuracy: 0.9816
[0.1016974225640297, 0.9816091656684875]
              precision    recall  f1-score   support

           A       0.94      1.00      0.97        15
           B       1.00      1.00      1.00        15
           C       1.00      1.00      1.00        15
           D       1.00      1.00      1.00        15
         Del       1.00      1.00      1.00        15
           E       1.00      1.00      1.00        15
           F       1.00      1.00      1.00        15
           G       1.00      1.00      1.00        15
           H       1.00      1.00      1.00        15
           I       1.00      1.00      1.00        15
           J       1.00      1.00      1.00        15
           K       0.94      1.00      0.97        15
           L       1.00      1.00      1.00        15
           M       1.00      0.87      0.93        15
           N       0.75      1.00      0.86        15
     Nothing       1.00      1.00      1.00        15
           O       1.00      1.00      1.00        15
           P       1.00      1.00      1.00        15
           Q       1.00      1.00      1.00        15
           R       0.94      1.00      0.97        15
           S       1.00      0.73      0.85        15
       Space       1.00      1.00      1.00        15
           T       1.00      1.00      1.00        15
           U       1.00      0.87      0.93        15
           V       1.00      1.00      1.00        15
           W       1.00      1.00      1.00        15
           X       1.00      1.00      1.00        15
           Y       1.00      1.00      1.00        15
           Z       1.00      1.00      1.00        15

    accuracy                           0.98       435
   macro avg       0.98      0.98      0.98       435
weighted avg       0.98      0.98      0.98       435

Precision: 0.984914
Recall: 0.981609