with BG

14/14 [==============================] - 13s 38ms/step - loss: 0.1035 - accuracy: 0.9632
[0.10351908951997757, 0.9632183909416199]
              precision    recall  f1-score   support

           A       1.00      0.87      0.93        15
           B       1.00      1.00      1.00        15
           C       1.00      1.00      1.00        15
           D       1.00      1.00      1.00        15
         Del       1.00      1.00      1.00        15
           E       1.00      1.00      1.00        15
           F       1.00      0.93      0.97        15
           G       1.00      1.00      1.00        15
           H       1.00      1.00      1.00        15
           I       0.88      0.93      0.90        15
           J       1.00      1.00      1.00        15
           K       0.93      0.87      0.90        15
           L       1.00      1.00      1.00        15
           M       0.82      0.93      0.87        15
           N       0.93      0.93      0.93        15
     Nothing       0.88      0.93      0.90        15
           O       0.94      1.00      0.97        15
           P       1.00      1.00      1.00        15
           Q       1.00      1.00      1.00        15
           R       1.00      0.93      0.97        15
           S       1.00      0.93      0.97        15
       Space       1.00      1.00      1.00        15
           T       0.82      0.93      0.87        15
           U       1.00      0.93      0.97        15
           V       0.83      1.00      0.91        15
           W       1.00      0.87      0.93        15
           X       1.00      0.93      0.97        15
           Y       1.00      1.00      1.00        15
           Z       1.00      1.00      1.00        15

    accuracy                           0.96       435
   macro avg       0.97      0.96      0.96       435
weighted avg       0.97      0.96      0.96       435

Precision: 0.966545
Recall: 0.963218

without BG
14/14 [==============================] - 13s 37ms/step - loss: 0.0521 - accuracy: 0.9862
[0.052101969718933105, 0.9862068891525269]
              precision    recall  f1-score   support

           A       1.00      1.00      1.00        15
           B       1.00      1.00      1.00        15
           C       1.00      1.00      1.00        15
           D       1.00      1.00      1.00        15
         Del       1.00      1.00      1.00        15
           E       1.00      1.00      1.00        15
           F       1.00      1.00      1.00        15
           G       1.00      1.00      1.00        15
           H       1.00      1.00      1.00        15
           I       1.00      1.00      1.00        15
           J       1.00      1.00      1.00        15
           K       0.94      1.00      0.97        15
           L       1.00      1.00      1.00        15
           M       0.93      0.87      0.90        15
           N       1.00      1.00      1.00        15
     Nothing       1.00      1.00      1.00        15
           O       1.00      0.93      0.97        15
           P       1.00      1.00      1.00        15
           Q       1.00      1.00      1.00        15
           R       0.93      0.93      0.93        15
           S       0.88      1.00      0.94        15
       Space       1.00      1.00      1.00        15
           T       0.94      1.00      0.97        15
           U       1.00      0.87      0.93        15
           V       1.00      1.00      1.00        15
           W       1.00      1.00      1.00        15
           X       1.00      1.00      1.00        15
           Y       1.00      1.00      1.00        15
           Z       1.00      1.00      1.00        15

    accuracy                           0.99       435
   macro avg       0.99      0.99      0.99       435
weighted avg       0.99      0.99      0.99       435

Precision: 0.986871
Recall: 0.986207