with BG
14/14 [==============================] - 13s 38ms/step - loss: 0.2476 - accuracy: 0.9448
[0.2475803643465042, 0.9448275566101074]
              precision    recall  f1-score   support

           A       0.93      0.87      0.90        15
           B       1.00      1.00      1.00        15
           C       1.00      1.00      1.00        15
           D       1.00      0.93      0.97        15
         Del       1.00      1.00      1.00        15
           E       1.00      0.93      0.97        15
           F       1.00      0.93      0.97        15
           G       1.00      1.00      1.00        15
           H       1.00      0.93      0.97        15
           I       0.94      1.00      0.97        15
           J       1.00      1.00      1.00        15
           K       1.00      0.93      0.97        15
           L       0.94      1.00      0.97        15
           M       1.00      0.73      0.85        15
           N       0.93      0.93      0.93        15
     Nothing       0.56      0.93      0.70        15
           O       0.93      0.93      0.93        15
           P       0.88      1.00      0.94        15
           Q       0.93      0.93      0.93        15
           R       1.00      0.87      0.93        15
           S       0.94      1.00      0.97        15
       Space       1.00      1.00      1.00        15
           T       0.88      0.93      0.90        15
           U       1.00      1.00      1.00        15
           V       0.94      1.00      0.97        15
           W       0.93      0.87      0.90        15
           X       1.00      0.87      0.93        15
           Y       1.00      0.87      0.93        15
           Z       1.00      1.00      1.00        15

    accuracy                           0.94       435
   macro avg       0.96      0.94      0.95       435
weighted avg       0.96      0.94      0.95       435

Precision: 0.956017
Recall: 0.944828

without BG
14/14 [==============================] - 13s 38ms/step - loss: 0.0900 - accuracy: 0.9724
[0.08999337255954742, 0.9724137783050537]
              precision    recall  f1-score   support

           A       0.83      1.00      0.91        15
           B       1.00      1.00      1.00        15
           C       1.00      1.00      1.00        15
           D       1.00      1.00      1.00        15
         Del       1.00      1.00      1.00        15
           E       1.00      1.00      1.00        15
           F       1.00      1.00      1.00        15
           G       1.00      1.00      1.00        15
           H       1.00      1.00      1.00        15
           I       1.00      1.00      1.00        15
           J       1.00      1.00      1.00        15
           K       0.88      1.00      0.94        15
           L       1.00      1.00      1.00        15
           M       1.00      0.87      0.93        15
           N       0.83      1.00      0.91        15
     Nothing       1.00      1.00      1.00        15
           O       1.00      0.80      0.89        15
           P       1.00      1.00      1.00        15
           Q       1.00      1.00      1.00        15
           R       0.94      1.00      0.97        15
           S       0.80      0.80      0.80        15
       Space       1.00      1.00      1.00        15
           T       1.00      0.93      0.97        15
           U       1.00      0.87      0.93        15
           V       1.00      0.93      0.97        15
           W       1.00      1.00      1.00        15
           X       1.00      1.00      1.00        15
           Y       1.00      1.00      1.00        15
           Z       1.00      1.00      1.00        15

    accuracy                           0.97       435
   macro avg       0.98      0.97      0.97       435
weighted avg       0.98      0.97      0.97       435

Precision: 0.975397
Recall: 0.972414