with BG
14/14 [==============================] - 13s 37ms/step - loss: 0.3879 - accuracy: 0.9287
[0.38789722323417664, 0.928735613822937]
              precision    recall  f1-score   support

           A       0.94      1.00      0.97        15
           B       1.00      1.00      1.00        15
           C       1.00      1.00      1.00        15
           D       0.82      0.93      0.87        15
         Del       0.94      1.00      0.97        15
           E       0.93      0.93      0.93        15
           F       1.00      0.93      0.97        15
           G       1.00      1.00      1.00        15
           H       1.00      0.93      0.97        15
           I       0.88      0.93      0.90        15
           J       1.00      1.00      1.00        15
           K       0.88      0.93      0.90        15
           L       0.93      0.93      0.93        15
           M       0.92      0.80      0.86        15
           N       0.93      0.93      0.93        15
     Nothing       0.52      0.87      0.65        15
           O       1.00      0.87      0.93        15
           P       1.00      0.87      0.93        15
           Q       1.00      0.80      0.89        15
           R       1.00      0.87      0.93        15
           S       1.00      0.93      0.97        15
       Space       1.00      1.00      1.00        15
           T       0.93      0.93      0.93        15
           U       1.00      1.00      1.00        15
           V       0.93      0.87      0.90        15
           W       0.87      0.87      0.87        15
           X       1.00      0.93      0.97        15
           Y       1.00      0.87      0.93        15
           Z       0.88      1.00      0.94        15

    accuracy                           0.93       435
   macro avg       0.94      0.93      0.93       435
weighted avg       0.94      0.93      0.93       435

Precision: 0.941467
Recall: 0.928736

without BG
14/14 [==============================] - 13s 37ms/step - loss: 0.1609 - accuracy: 0.9517
[0.1609116643667221, 0.951724112033844]
              precision    recall  f1-score   support

           A       0.94      1.00      0.97        15
           B       1.00      1.00      1.00        15
           C       1.00      1.00      1.00        15
           D       1.00      1.00      1.00        15
         Del       1.00      1.00      1.00        15
           E       1.00      1.00      1.00        15
           F       1.00      1.00      1.00        15
           G       1.00      1.00      1.00        15
           H       1.00      1.00      1.00        15
           I       1.00      1.00      1.00        15
           J       1.00      0.87      0.93        15
           K       0.94      1.00      0.97        15
           L       1.00      1.00      1.00        15
           M       0.82      0.93      0.87        15
           N       0.88      1.00      0.94        15
     Nothing       1.00      1.00      1.00        15
           O       1.00      0.67      0.80        15
           P       1.00      1.00      1.00        15
           Q       1.00      1.00      1.00        15
           R       0.93      0.93      0.93        15
           S       0.67      0.67      0.67        15
       Space       1.00      1.00      1.00        15
           T       0.94      1.00      0.97        15
           U       1.00      0.87      0.93        15
           V       0.75      1.00      0.86        15
           W       1.00      0.67      0.80        15
           X       1.00      1.00      1.00        15
           Y       0.88      1.00      0.94        15
           Z       1.00      1.00      1.00        15

    accuracy                           0.95       435
   macro avg       0.96      0.95      0.95       435
weighted avg       0.96      0.95      0.95       435

Precision: 0.956922
Recall: 0.951724

