with BG
14/14 [==============================] - 13s 37ms/step - loss: 0.7564 - accuracy: 0.8368
[0.7564433217048645, 0.8367816209793091]

              precision    recall  f1-score   support

           A       0.68      0.87      0.76        15
           B       0.94      1.00      0.97        15
           C       0.94      1.00      0.97        15
           D       0.78      0.93      0.85        15
         Del       1.00      1.00      1.00        15
           E       0.80      0.80      0.80        15
           F       0.93      0.93      0.93        15
           G       1.00      1.00      1.00        15
           H       0.93      0.93      0.93        15
           I       1.00      1.00      1.00        15
           J       1.00      0.87      0.93        15
           K       0.88      0.93      0.90        15
           L       0.88      0.93      0.90        15
           M       0.67      0.80      0.73        15
           N       0.90      0.60      0.72        15
     Nothing       0.54      0.87      0.67        15
           O       0.75      0.80      0.77        15
           P       1.00      0.93      0.97        15
           Q       1.00      0.60      0.75        15
           R       0.91      0.67      0.77        15
           S       0.47      0.47      0.47        15
       Space       1.00      1.00      1.00        15
           T       0.65      0.73      0.69        15
           U       1.00      0.80      0.89        15
           V       0.59      0.87      0.70        15
           W       0.83      0.33      0.48        15
           X       0.93      0.87      0.90        15
           Y       0.92      0.73      0.81        15
           Z       0.94      1.00      0.97        15

    accuracy                           0.84       435
   macro avg       0.86      0.84      0.84       435
weighted avg       0.86      0.84      0.84       435

Precision: 0.856613
Recall: 0.836782

without BG
14/14 [==============================] - 13s 37ms/step - loss: 0.6038 - accuracy: 0.9034
[0.6037926077842712, 0.9034482836723328]
              precision    recall  f1-score   support

           A       0.94      1.00      0.97        15
           B       1.00      1.00      1.00        15
           C       1.00      1.00      1.00        15
           D       1.00      0.93      0.97        15
         Del       1.00      1.00      1.00        15
           E       0.83      1.00      0.91        15
           F       0.94      1.00      0.97        15
           G       1.00      1.00      1.00        15
           H       1.00      1.00      1.00        15
           I       1.00      1.00      1.00        15
           J       1.00      0.93      0.97        15
           K       0.74      0.93      0.82        15
           L       1.00      1.00      1.00        15
           M       0.47      1.00      0.64        15
           N       0.82      0.60      0.69        15
     Nothing       1.00      1.00      1.00        15
           O       1.00      0.73      0.85        15
           P       1.00      1.00      1.00        15
           Q       1.00      1.00      1.00        15
           R       0.92      0.73      0.81        15
           S       0.75      0.20      0.32        15
       Space       1.00      1.00      1.00        15
           T       0.93      0.93      0.93        15
           U       0.86      0.80      0.83        15
           V       0.62      0.87      0.72        15
           W       1.00      0.53      0.70        15
           X       1.00      1.00      1.00        15
           Y       1.00      1.00      1.00        15
           Z       1.00      1.00      1.00        15

    accuracy                           0.90       435
   macro avg       0.92      0.90      0.90       435
weighted avg       0.92      0.90      0.90       435

Precision: 0.924424
Recall: 0.903448